//   GAMBIT: Global and Modular BSM Inference Tool
//   *********************************************
///  \file
///
///  Functions for LHC analyses that use tabulated interpolations
///  rather than direct MC simulation. For now this functionality
///  is specific to the DMEFT and DMsimp models, but it will be turned into
///  a general feature in ColliderBit.
///  
///  *********************************************
///
///  Authors (add name and date if you modify):
///
///  \author Martin White
///          (martin.white@adelaide.edu.au)
///
///  \author Andre Scaffidi
///          (andre.scaffidi@adelaide.edu.au)
///  \date 2019 Aug
///
///  \author Tomas Gonzalo
///          (gonzalo@physik.rwth-aachen.de)
///  \date 2021 Apr
///
///  \author Anders Kvellestad
///          (anders.kvellestad@fys.uio.no)
///  \date 2021 May
///
///  \author Chris Chang
///          (christopher.chang@uq.net.au)
///  \date 2022 June
///
///  Analyses based on: arxiv:1711.03301 and https://journals.aps.org/prd/abstract/10.1103/PhysRevD.97.092005
///  139invfb analysis based on arXiv:2102.10874 
///
///  *********************************************

// Needs GSL 2 
#include <gsl/gsl_math.h>
#include <gsl/gsl_interp2d.h>
#include <gsl/gsl_spline2d.h>
#include <gsl/gsl_sf_gamma.h>

#include "Eigen/Eigenvalues"
#include "Eigen/Eigen"

#include "multimin/multimin.hpp"

#include "gambit/ColliderBit/analyses/Analysis.hpp"
#include "gambit/Elements/gambit_module_headers.hpp"
#include "gambit/ColliderBit/ColliderBit_rollcall.hpp"
#include "gambit/Utils/interp_collection.hpp"
#include "gambit/Utils/file_lock.hpp"
#include "gambit/Utils/util_macros.hpp"
#include "gambit/ColliderBit/Utils.hpp"


// #define COLLIDERBIT_DEBUG_PROFILING
// #define COLLIDERBIT_DEBUG
// #define DEBUG_PREFIX "DEBUG: OMP thread " << omp_get_thread_num() << ":  "

namespace Gambit
{

  namespace ColliderBit
  {  

    // =========== Useful stuff ===========

    /// A minimal class with analysis info, maps for containing collections of 1D/2D/4D/5D interpolators
    /// and some helper functions for adding and accessing the interpolators, and for 
    /// adding a background covariance matrix. Currently this class is tailored specifically 
    /// for the DMEFT/DMsimp models -- it will be generalized in the future.
    class Model_analysis_info
    {
      public:

        // Standard analysis info:

        str name;
        double lumi_invfb;
        size_t n_signal_regions;
        std::vector<int> obsnum;
        std::vector<double> bkgnum;
        std::vector<double> bkgerr;
        Eigen::MatrixXd bkgcov;

        // A map to hold any extra non-standard numbers we might need for a given analysis.
        // For the DMSIMP/DMEFT-specific cases we'll use this to store the MET spectrum bin limits
        std::map<str, std::vector<double>> extra_info; // Any additional analysis-specific numbers

        // Maps containing 1D and 2D interpolators
        std::map<str,std::unique_ptr<Utils::interp1d_gsl_collection>> interp1d;
        std::map<str,std::unique_ptr<Utils::interp2d_gsl_collection>> interp2d;

        // Maps containing 4D and 5D interpolators
        std::map<str,std::unique_ptr<Utils::interp4d_collection>> interp4d;
        std::map<str,std::unique_ptr<Utils::interp5d_collection>> interp5d;

        // Helper functions

        void add_bkgcov(const std::vector< std::vector<double>>& bkgcov_in)
        {
          assert( bkgcov_in.size() > 0 && bkgcov_in.size() == n_signal_regions );
          assert( bkgcov_in[0].size() > 0 && bkgcov_in[0].size() == n_signal_regions );

          // Fill our Eigen matrix
          bkgcov = Eigen::MatrixXd(n_signal_regions, n_signal_regions);
          for (size_t i = 0; i < n_signal_regions; i++)
          {
            bkgcov.row(i) = Eigen::VectorXd::Map(&bkgcov_in[i][0], bkgcov_in[i].size());
          }
        }

        void add_interp1d(str name, str filename, std::vector<str> colnames)
        {
          assert (interp1d.count(name) == 0); // Make sure we're not overwriting an existing entry
          interp1d[name] = std::unique_ptr<Utils::interp1d_gsl_collection>(new Utils::interp1d_gsl_collection(name, filename, colnames));
        }

        void add_interp2d(str name, str filename, std::vector<str> colnames)
        {
          assert (interp2d.count(name) == 0); // Make sure we're not overwriting an existing entry
          interp2d[name] = std::unique_ptr<Utils::interp2d_gsl_collection>(new Utils::interp2d_gsl_collection(name, filename, colnames));
        }

        void add_interp4d(str name, str filename, std::vector<str> colnames, bool allow_missing_points)
        {
          assert (interp4d.count(name) == 0); // Make sure we're not overwriting an existing entry
          interp4d[name] = std::unique_ptr<Utils::interp4d_collection>(new Utils::interp4d_collection(name, filename, colnames, allow_missing_points, 0.0));
        }

        void add_interp5d(str name, str filename, std::vector<str> colnames, bool allow_missing_points)
        {
          assert (interp5d.count(name) == 0); // Make sure we're not overwriting an existing entry
          interp5d[name] = std::unique_ptr<Utils::interp5d_collection>(new Utils::interp5d_collection(name, filename, colnames, allow_missing_points, 0.0));
        }

        // Call the correct interpolation creator depending on number of dimensions
        void add_interpNd(str name, str filename, std::vector<str> colnames, int N, bool allow_missing_points)
        {
          if (N == 1)
          {
            add_interp1d(name, filename, colnames);
          } else if (N == 2)
          {
            add_interp2d(name, filename, colnames);
          } else if (N == 4)
          {
            add_interp4d(name, filename, colnames, allow_missing_points);
          } else if (N == 5)
          {
            add_interp5d(name, filename, colnames, allow_missing_points);
          } else
          {
            ColliderBit_error().raise(LOCAL_INFO, "ERROR! ColliderBit_InterpolatedYields: Trying to call an interpolator that doesn't exist.");
          }

        }

        const Utils::interp1d_gsl_collection& get_interp1d(str name) const
        {
          return *interp1d.at(name);
        }

        const Utils::interp2d_gsl_collection& get_interp2d(str name) const
        {
          return *interp2d.at(name);
        }

        Utils::interp4d_collection& get_interp4d(str name) const
        {
          return *interp4d.at(name);
        }

        Utils::interp5d_collection& get_interp5d(str name) const
        {
          return *interp5d.at(name);
        }

    };

    /// A struct to contain parameters for the GSL optimiser target function
    struct _gsl_target_func_params
    {
      double lambda;
      AnalysisDataPointers adata_ptrs_original;
      std::vector<str> skip_analyses;
      bool use_covar;
      bool use_marg;
      bool combine_nocovar_SRs;
      bool use_fulllikes;
    };


    /// A global map from analysis name to Model_analysis_info instance.
    /// This map is initialized by the function fill_analysis_info_map,
    /// which is called the first time DMEFT_results run.
    std::map<str,Model_analysis_info> analysis_info_map;


    // =========== Forward declarations ===========

    /// Forward declaration of funtion in LHC_likelihoods
    // @todo Interpolation will not currently work with the FullLikes backend. None of the currently written interpolation analysis require this.
    void fill_analysis_loglikes(const AnalysisData&, AnalysisLogLikes&, bool, bool, bool, bool, auto, auto, auto, const std::string);

    /// Forward declarations of functions in this file
    void DMEFT_fill_analysis_info_map();
    void DMsimp_fill_analysis_info_map(std::map<str,str>, std::map<str,std::vector<str>>, int);

    void DMEFT_results(AnalysisDataPointers&);
    void DMEFT_results_profiled(AnalysisDataPointers&);
    void DMEFT_results_cutoff(AnalysisDataPointers&);
    void DMsimpVectorMedScalarDM_monojet_results(AnalysisDataPointers&);
    void DMsimpVectorMedMajoranaDM_monojet_results(AnalysisDataPointers&);
    void DMsimpVectorMedDiracDM_monojet_results(AnalysisDataPointers&);

    void get_DMEFT_signal_yields_dim6_operator(std::vector<double>&, const str, const Model_analysis_info&, double, double, double, double);
    void get_DMEFT_signal_yields_dim7_operator(std::vector<double>&, const str, const Model_analysis_info&, double, double, double);
    void get_DMsimpVectorMedScalarDM_signal_yields(std::vector<double>&, const Model_analysis_info&, double, double, double, double);
    void get_DMsimpVectorMedMajoranaDM_signal_yields(std::vector<double>&, const Model_analysis_info&, double, double, double, double);
    void get_DMsimpVectorMedDiracDM_signal_yields(std::vector<double>&, const Model_analysis_info&, double, double, double, double, double);

    void get_all_DMEFT_signal_yields(std::vector<double>&, const Model_analysis_info&, const Spectrum&);
    void get_all_DMsimpVectorMedScalarDM_signal_yields(std::vector<double>&, const Model_analysis_info&, const Spectrum&);
    void get_all_DMsimpVectorMedMajoranaDM_signal_yields(std::vector<double>&, const Model_analysis_info&, const Spectrum&);
    void get_all_DMsimpVectorMedDiracDM_signal_yields(std::vector<double>&, const Model_analysis_info&, const Spectrum&);

    void signal_modifier_function(AnalysisData&, double, double);
    void signal_cutoff_function(AnalysisData&, double);

    void _gsl_target_func(const size_t, const double*, void*, double*);

    void calc_DMEFT_profiled_LHC_nuisance_params(map_str_dbl&);

    void InterpolatedMCInfo(MCLoopInfo&);

    // =========== Functions ===========

    /// A function to fill the analysis_info_map given an analysis
    /// This is where all the analysis-specific numbers and file names go.
    void fill_analysis_info_map(str current_analysis_name, Model_analysis_info* current_ainfo)
    {

      // Helper variables
      std::vector<str> colnames;
      std::vector<std::vector<double>> bkgcov;
      Model_analysis_info empty_analysis_info;

      // 
      // New analysis: CMS_13TeV_MONOJET_36invfb_interpolated
      // 

      // Analysis name
      if (current_analysis_name == "CMS_13TeV_MONOJET_36invfb_interpolated")
      {
        current_ainfo->name = current_analysis_name;
        current_ainfo->lumi_invfb = 36.1;

        current_ainfo->obsnum = {136865, 74340, 42540, 25316, 15653, 10092, 8298, 4906, 2987, 2032, 1514,
                               926, 557, 316, 233, 172, 101, 65, 46, 26, 31, 29};
        current_ainfo->bkgnum = {134500., 73400., 42320., 25490., 15430., 10160., 8480., 4865., 2970., 1915., 1506.,
                               844., 526., 325., 223., 169., 107., 88.1, 52.8, 25.0, 25.5, 26.9};
        current_ainfo->bkgerr = {3700., 2000., 810., 490., 310., 170., 140., 95., 49., 33., 32.,
                               18., 14., 12., 9., 8., 6., 5.3, 3.9, 2.5, 2.6, 2.8};
        assert(current_ainfo->obsnum.size() == current_ainfo->bkgerr.size());
        assert(current_ainfo->obsnum.size() == current_ainfo->bkgerr.size());
        current_ainfo->n_signal_regions = current_ainfo->obsnum.size(); // = 22

        current_ainfo->extra_info["metmins"] = {250., 280., 310., 340., 370., 400., 430., 470., 510., 550., 590.,
                                              640., 690., 740., 790., 840., 900., 960., 1020., 1090., 1160., 1250.};
        assert(current_ainfo->obsnum.size() == current_ainfo->extra_info["metmins"].size());

        // Construct the background covariance matrix
        bkgcov = {
          {  1.37e+07,  7.18e+06,  2.58e+06,  1.54e+06,  9.29e+05,  4.28e+05,  3.26e+05,  2.04e+05,  8.34e+04,  5.37e+04,  4.62e+04,  2.33e+04,  1.45e+04,  1.20e+04,  6.66e+03,  7.99e+03,  4.00e+03,  1.57e+03,  0.00e+00,  1.30e+03,  3.85e+02, -4.14e+02 },
          {  7.18e+06,  4.00e+06,  1.38e+06,  8.43e+05,  5.02e+05,  2.28e+05,  1.74e+05,  1.05e+05,  4.51e+04,  2.84e+04,  2.30e+04,  1.22e+04,  7.56e+03,  6.48e+03,  3.24e+03,  4.00e+03,  2.28e+03,  1.06e+03,  1.56e+02,  8.00e+02,  3.64e+02, -1.68e+02 },
          {  2.58e+06,  1.38e+06,  6.56e+05,  3.57e+05,  2.18e+05,  1.07e+05,  8.73e+04,  5.31e+04,  2.34e+04,  1.50e+04,  1.35e+04,  7.00e+03,  4.20e+03,  3.30e+03,  2.26e+03,  1.81e+03,  1.12e+03,  6.44e+02,  2.21e+02,  3.04e+02,  1.47e+02,  2.27e+01 },
          {  1.54e+06,  8.43e+05,  3.57e+05,  2.40e+05,  1.32e+05,  6.58e+04,  5.14e+04,  3.17e+04,  1.44e+04,  9.22e+03,  8.15e+03,  4.06e+03,  2.88e+03,  2.00e+03,  1.32e+03,  1.25e+03,  7.06e+02,  3.64e+02,  5.73e+01,  1.59e+02,  7.64e+01, -2.74e+01 },
          {  9.29e+05,  5.02e+05,  2.18e+05,  1.32e+05,  9.61e+04,  4.11e+04,  3.21e+04,  1.88e+04,  8.81e+03,  5.73e+03,  5.46e+03,  2.57e+03,  1.78e+03,  1.34e+03,  6.98e+02,  9.18e+02,  4.28e+02,  1.64e+02,  3.63e+01,  1.32e+02,  1.05e+02, -8.68e+00 },
          {  4.28e+05,  2.28e+05,  1.07e+05,  6.58e+04,  4.11e+04,  2.89e+04,  1.76e+04,  1.07e+04,  5.16e+03,  2.92e+03,  2.83e+03,  1.62e+03,  9.76e+02,  8.77e+02,  3.82e+02,  4.49e+02,  2.04e+02,  1.08e+02,  9.94e+01,  1.02e+02,  3.98e+01,  4.76e+00 },
          {  3.26e+05,  1.74e+05,  8.73e+04,  5.14e+04,  3.21e+04,  1.76e+04,  1.96e+04,  9.18e+03,  4.39e+03,  2.82e+03,  2.46e+03,  1.39e+03,  9.21e+02,  7.39e+02,  5.17e+02,  3.70e+02,  2.35e+02,  9.65e+01,  8.19e+01,  4.20e+01,  1.82e+01,  3.14e+01 },
          {  2.04e+05,  1.04e+05,  5.31e+04,  3.17e+04,  1.88e+04,  1.07e+04,  9.18e+03,  9.02e+03,  2.61e+03,  1.72e+03,  1.70e+03,  8.55e+02,  4.52e+02,  4.67e+02,  2.48e+02,  2.66e+02,  1.54e+02,  5.04e+01,  3.33e+01,  1.19e+01,  3.21e+01,  7.98e+00 },
          {  8.34e+04,  4.51e+04,  2.34e+04,  1.44e+04,  8.81e+03,  5.16e+03,  4.39e+03,  2.61e+03,  2.40e+03,  9.22e+02,  8.94e+02,  4.67e+02,  2.13e+02,  2.41e+02,  1.41e+02,  1.29e+02,  4.70e+01,  4.41e+01,  7.64e+00,  2.08e+01,  2.55e+01,  5.49e+00 },
          {  5.37e+04,  2.84e+04,  1.50e+04,  9.22e+03,  5.73e+03,  2.92e+03,  2.82e+03,  1.72e+03,  9.22e+02,  1.09e+03,  5.17e+02,  3.03e+02,  1.62e+02,  1.47e+02,  8.91e+01,  8.18e+01,  3.17e+01,  2.10e+01,  1.29e+00,  7.42e+00,  7.72e+00,  4.62e+00 },
          {  4.62e+04,  2.30e+04,  1.35e+04,  8.15e+03,  5.46e+03,  2.83e+03,  2.46e+03,  1.70e+03,  8.94e+02,  5.17e+02,  1.02e+03,  2.65e+02,  1.57e+02,  1.61e+02,  9.22e+01,  7.94e+01,  3.84e+01,  3.39e+00, -1.25e+00,  1.44e+01,  3.33e+00, -8.96e-01 },
          {  2.33e+04,  1.22e+04,  7.00e+03,  4.06e+03,  2.57e+03,  1.62e+03,  1.39e+03,  8.55e+02,  4.67e+02,  3.03e+02,  2.65e+02,  3.24e+02,  8.57e+01,  9.07e+01,  5.83e+01,  3.02e+01,  2.70e+01,  2.00e+01,  7.02e+00,  2.25e+00,  5.15e+00,  7.06e+00 },
          {  1.45e+04,  7.56e+03,  4.20e+03,  2.88e+03,  1.78e+03,  9.76e+02,  9.21e+02,  4.52e+02,  2.13e+02,  1.62e+02,  1.57e+02,  8.57e+01,  1.96e+02,  5.21e+01,  3.91e+01,  3.92e+01,  2.69e+01,  8.90e+00,  6.55e+00,  0.00e+00,  1.46e+00,  1.57e+00 },
          {  1.20e+04,  6.48e+03,  3.30e+03,  2.00e+03,  1.34e+03,  8.77e+02,  7.39e+02,  4.67e+02,  2.41e+02,  1.47e+02,  1.61e+02,  9.07e+01,  5.21e+01,  1.44e+02,  3.02e+01,  2.02e+01,  1.44e+01,  3.18e+00,  4.68e-01,  4.50e+00,  2.18e+00,  3.02e+00 },
          {  6.66e+03,  3.24e+03,  2.26e+03,  1.32e+03,  6.98e+02,  3.82e+02,  5.17e+02,  2.48e+02,  1.41e+02,  8.91e+01,  9.22e+01,  5.83e+01,  3.91e+01,  3.02e+01,  8.10e+01,  1.15e+01,  1.19e+01,  7.63e+00,  3.16e+00, -2.25e-01,  1.40e+00,  2.52e+00 },
          {  7.99e+03,  4.00e+03,  1.81e+03,  1.25e+03,  9.18e+02,  4.49e+02,  3.70e+02,  2.66e+02,  1.29e+02,  8.18e+01,  7.94e+01,  3.02e+01,  3.92e+01,  2.02e+01,  1.15e+01,  6.40e+01,  1.92e+00, -1.27e+00, -3.12e-01,  1.40e+00,  2.70e+00, -6.72e-01 },
          {  4.00e+03,  2.28e+03,  1.12e+03,  7.06e+02,  4.28e+02,  2.04e+02,  2.35e+02,  1.54e+02,  4.70e+01,  3.17e+01,  3.84e+01,  2.70e+01,  2.69e+01,  1.44e+01,  1.19e+01,  1.92e+00,  3.60e+01,  5.09e+00,  3.74e+00, -1.65e+00,  1.40e+00,  1.51e+00 },
          {  1.57e+03,  1.06e+03,  6.44e+02,  3.64e+02,  1.64e+02,  1.08e+02,  9.65e+01,  5.04e+01,  4.41e+01,  2.10e+01,  3.39e+00,  2.00e+01,  8.90e+00,  3.18e+00,  7.63e+00, -1.27e+00,  5.09e+00,  2.81e+01,  6.20e-01, -1.19e+00,  5.51e-01, -4.45e-01 },
          {  0.00e+00,  1.56e+02,  2.21e+02,  5.73e+01,  3.63e+01,  9.95e+01,  8.19e+01,  3.33e+01,  7.64e+00,  1.29e+00, -1.25e+00,  7.02e+00,  6.55e+00,  4.68e-01,  3.16e+00, -3.12e-01,  3.74e+00,  6.20e-01,  1.52e+01,  7.80e-01,  3.04e-01,  1.64e+00 },
          {  1.30e+03,  8.00e+02,  3.04e+02,  1.59e+02,  1.32e+02,  1.02e+02,  4.20e+01,  1.19e+01,  2.08e+01,  7.42e+00,  1.44e+01,  2.25e+00,  0.00e+00,  4.50e+00, -2.25e-01,  1.40e+00, -1.65e+00, -1.19e+00,  7.80e-01,  6.25e+00,  1.30e-01,  6.30e-01 },
          {  3.85e+02,  3.64e+02,  1.47e+02,  7.64e+01,  1.05e+02,  3.98e+01,  1.82e+01,  3.21e+01,  2.55e+01,  7.72e+00,  3.33e+00,  5.15e+00,  1.46e+00,  2.18e+00,  1.40e+00,  2.70e+00,  1.40e+00,  5.51e-01,  3.04e-01,  1.30e-01,  6.76e+00,  5.82e-01 },
          { -4.14e+02, -1.68e+02,  2.27e+01, -2.74e+01, -8.68e+00,  4.76e+00,  3.14e+01,  7.98e+00,  5.49e+00,  4.62e+00, -8.96e-01,  7.06e+00,  1.57e+00,  3.02e+00,  2.52e+00, -6.72e-01,  1.51e+00, -4.45e-01,  1.64e+00,  6.30e-01,  5.82e-01,  7.84e+00 }
        };
        // Save it
        current_ainfo->add_bkgcov(bkgcov);

      }

      //
      // New analysis: ATLAS_13TeV_MONOJET_139invfb_interpolated
      //

      if (current_analysis_name == "ATLAS_13TeV_MONOJET_139invfb_interpolated")
      {
        // Create an entry in the global analysis_info_map and point the reference current_ainfo to it
        analysis_info_map[current_analysis_name] = Model_analysis_info();
        current_ainfo = &(analysis_info_map[current_analysis_name]);

        current_ainfo->name = current_analysis_name;
        current_ainfo->lumi_invfb = 139.0;

        current_ainfo->obsnum = {1791624, 752328, 313912, 141036, 102888, 29458, 10203, 3986, 1663, 738, 413+187+207};
        current_ainfo->bkgnum = {1783000., 753000., 314000., 140100., 101600., 29200., 10000., 3870., 1640., 754., 359.+182.+218.};
        current_ainfo->bkgerr = {26000., 9000., 3500., 1600., 1200., 400., 180., 80., 40., 20., sqrt(10*10+6*6+9*9)};
        assert(current_ainfo->obsnum.size() == current_ainfo->bkgnum.size());
        assert(current_ainfo->obsnum.size() == current_ainfo->bkgerr.size());
        current_ainfo->n_signal_regions = current_ainfo->obsnum.size();

        current_ainfo->extra_info["metmins"] = {200., 250., 300., 350., 400., 500., 600., 700., 800., 900., 1000.};
        assert(current_ainfo->obsnum.size() == current_ainfo->extra_info["metmins"].size());

      }

      //
      // New analysis: CMS_13TeV_MONOJET_137invfb_interpolated (https://www.hepdata.net/record/ins1894408)
      // Note: This analysis contains three copies of the same signal regions, with different luminosities.
      //       The appropriate scaling is applied to the values in the data file
      if (current_analysis_name == "CMS_13TeV_MONOJET_137invfb_interpolated")
      {

        current_ainfo->name = current_analysis_name;
        current_ainfo->lumi_invfb = 137.0;

        // Separate Bins
        current_ainfo->obsnum = {136865,74340,42540,25316,15653,10092,8298,4906,2987,2032,1514,926,557,316,233,172,101,65,46,26,31,29,
                                 176171,96067,54789,32767,20209,12910,10653,6487,3955,2587,1957,1151,721,455,298,244,146,89,65,39,35,40,
                                 191829,104522,59398,35833,21854,14266,11730,8639,5406,3285,2671,1613,965,640,424,319,191,117,96,55,43,70};

        // Separate Bins  
        current_ainfo->bkgnum = {135004.8633,73681.17188,42448.17627,25541.23718,15454.10522,10162.67578,8473.070068,4853.264771,2960.103455,1906.687012,1498.361874,
          839.2151833,523.393774,322.8404999,221.0696697,167.221384,106.2168646,87.38325834,52.36919761,24.69706476,25.22828668,26.60783306,
          169737.7734,93266.63818,54175.54321,32232.16919,19798.24585,12816.66046,10626.91895,6407.873535,3903.657227,2519.861908,1929.788399,1181.808949,713.7919903,456.2266827,294.6278095,231.1669064,
          146.4085865,87.26129293,69.26482379,32.26833493,30.64801991,37.35177219,
          178470.1172,97428.42041,55592.1936,33037.12646,20714.72168,13209.00696,10991.22192,7836.975708,4914.64386,3065.690918,2428.390121,
          1441.82806,903.5198212,603.2915592,385.5468988,271.7485714,176.4562798,117.7774644,75.91881871,48.49774301,35.87580353,53.36183757};


        // bkgerr for the 2016 search is taken from above
        current_ainfo->bkgerr = {3514.65,1904.73,822.14,513.41,315.39,195.49,168.65,106.33,67.100,50.317,39.654,26.098,17.781,13.166,10.191,9.560,6.974,6.924,4.716,3.150,3.049,3.098,3706.95,1975.68,1117.22,
           665.78,413.29,266.21,217.70,133.23,84.55,58.43,45.84,30.83,21.29,16.28,11.86,10.18,7.442,5.391,4.733,3.230,3.124,3.328,
           3615.00,1896.81,1059.45,618.12,391.42,250.28,213.74,152.06,101.04,66.79,55.08,35.64,24.56,18.99,14.01,10.78,8.488,6.519,5.176,3.762,3.394,4.059};
        assert(current_ainfo->obsnum.size() == current_ainfo->bkgnum.size());
        assert(current_ainfo->obsnum.size() == current_ainfo->bkgerr.size());
        current_ainfo->n_signal_regions = current_ainfo->obsnum.size();

        // Construct the background covariance matrix
        bkgcov = {
          {12352763.4, 6458394.867, 2464750.837, 1514431.404, 898793.8461, 437646.4144, 377857.6261, 216898.8756, 100131.7426, 75505.18217, 52912.50268, 33250.16046, 17179.20302, 12365.09557, 6837.031881, 7266.816132, 3812.640002, 4303.669912, 1540.716589, 827.5964166, 1107.13207, 904.9881262, 220800.7392, 90163.48212, 39196.88759, 23744.97141, 17377.52317, 9370.330135, 2928.757998, 4452.51128, -1713.496482, 312.2226492, -55.25546233, 1572.924736, 554.1075651, 1118.481593, -490.7103398, -341.114241, -44.77498695, 340.8509019, -98.39530342, -110.1766936, 271.0935343, 143.5383758, 439879.5384, 212409.5503, 140493.1883, 71683.80747, 25941.15478, 22392.10864, 13040.61433, 23091.29594, 13214.87186, 5376.047223, 3014.408717, 3385.144538, 515.3964082, 1845.243786, -771.374651, 854.9087742, 42.18572303, 1221.267656, -109.8043719, 48.99872145, 170.272321, 117.5851365},
          {6458394.867, 3628011.061, 1345050.487, 835487.4572, 492787.8894, 242195.2283, 208353.813, 118037.7008, 54183.29573, 41388.68374, 29046.50256, 18213.67784, 9486.543104, 6853.968134, 3631.35278, 4004.9864, 2035.636967, 2361.107083, 774.4787659, 485.4568224, 575.3434007, 473.7366642, 188768.5861, 82573.25413, 37891.14143, 23042.60648, 13959.62261, 8039.516298, 5062.390974, 4817.675048, 266.8279891, 1418.126963, 819.0888956, 1395.416016, 426.8847773, 945.9130149, -107.7605714, -9.673390176, 85.77823834, 232.1420615, 28.40415796, 15.42017657, 159.6403163, 91.36649548, 335700.3183, 169229.7946, 107441.6449, 57530.29403, 26698.69573, 17782.28201, 13685.45039, 16128.60889, 9252.363235, 4169.789462, 3478.671821, 2021.603436, 676.9799044, 1353.390415, -120.2899834, 539.343198, 104.9900766, 625.1391541, -64.31825933, -43.88893136, 163.4437339, 122.3765556},
          {2464750.837, 1345050.487, 675913.8055, 373545.4376, 220670.2092, 123435.689, 106586.0664, 58981.10077, 32421.07086, 23213.31687, 16589.96668, 10021.7358, 5561.890987, 4074.856625, 2388.190089, 2141.263512, 1222.754637, 1252.898777, 511.556458, 337.9964554, 323.047423, 299.3891806, 75258.73468, 27341.94224, 8548.370667, 7903.418314, 6775.179879, 1887.929192, 1731.898853, 1738.565436, 46.95832966, 813.9137052, 374.0816464, 392.779846, 452.8522355, 453.1266133, -28.48157415, 95.6614313, -34.23435982, 184.005074, -33.8948519, -25.74723177, 97.31521789, 84.86874535, 175674.245, 87173.02776, 50481.56475, 26339.21394, 12045.20872, 6734.941483, 6064.149674, 6862.084602, 3608.620719, 1395.885561, 1634.757665, 1222.974196, 584.377065, 536.3161812, -60.42520352, 341.1989909, 5.229396464, 270.5109439, -13.96567868, 27.17719111, 92.34381722, 121.5203094},
          {1514431.404, 835487.4572, 373545.4376, 263593.7812, 135767.8059, 76245.13928, 64285.70028, 36377.63207, 18746.57512, 13686.62784, 10061.13682, 6177.970437, 3393.375334, 2270.116341, 1335.049222, 1241.955472, 674.5062549, 749.5407656, 311.6281862, 176.9060149, 201.1474819, 181.7392054, 48759.52569, 19609.30096, 6197.477438, 4987.251749, 5171.551265, 2180.823759, 1138.16555, 1551.345119, 56.19026175, 423.1872088, 277.2760848, 245.3466629, 329.0682335, 286.0337448, -66.77556012, 49.92928655, -5.050017867, 52.10379914, -18.92300432, -5.216034189, 49.40470295, 13.07226592, 105414.4449, 55470.72565, 33962.24805, 17081.49673, 7443.99313, 5096.214852, 3764.340482, 4481.180021, 2705.758775, 1068.625095, 989.3479815, 805.7784228, 418.215059, 396.9324511, 34.41434205, 139.1066363, 6.089127507, 163.7496422, -18.57722738, 31.15819231, 52.80129406, 31.44833382},
          {898793.8461, 492787.8894, 220670.2092, 135767.8059, 99471.41155, 45674.29195, 38946.60024, 22365.44799, 11770.08243, 8759.193202, 6268.02859, 3811.064218, 2148.816223, 1503.476782, 811.7630826, 766.1407399, 446.1000624, 433.2843491, 235.0100273, 102.9184611, 112.1584797, 112.699909, 35273.9197, 14446.45574, 6077.612266, 4460.394447, 4253.841117, 2487.536328, 2220.457855, 1806.261159, 379.6266776, 468.6956791, 265.5777412, 233.4245741, 323.5336059, 113.6689469, -5.421589384, 36.59827223, -31.50578412, 42.06143645, -5.226416318, -16.60638259, 36.14961422, 16.59234498, 67147.36232, 36137.99093, 21121.20986, 10913.812, 6462.338842, 3978.987721, 3394.607725, 3490.441441, 1576.546181, 978.956386, 887.0380432, 461.1765741, 261.4596744, 155.1823201, -7.789837987, 93.82329367, 13.95609686, 120.0262436, -8.177066978, 16.76327764, 13.79563254, 29.0441436},
          {437646.4144, 242195.2283, 123435.689, 76245.13928, 45674.29195, 38216.46482, 23799.53712, 13564.55176, 7775.854986, 5695.169789, 4164.61363, 2526.550304, 1422.598039, 1004.589001, 580.5833674, 497.8424079, 292.0478964, 293.2634033, 157.8323282, 70.16585618, 70.71390793, 66.37789476, 12725.18686, 5825.4754, 600.3875471, 2295.62498, 2122.485937, 1163.76366, 960.3069292, 912.3581558, 323.8670127, 463.9442777, 435.6409372, 233.9196654, 227.9938527, 158.0137548, -9.585901299, 23.45706535, -1.783457224, 48.05857253, 0.6050507381, -11.93276918, 20.59707581, 23.5249513, 43204.45743, 20528.90281, 12118.69637, 6266.756735, 3418.450314, 2314.581176, 2229.408924, 1944.236821, 1115.031676, 578.2503238, 633.9008334, 380.5594137, 146.7177549, 185.6326566, 52.39911793, 93.83097465, 0.03520313089, 57.30879948, 7.358016749, 13.26469595, -3.437616789, 16.15003463},
          {377857.6261, 208353.813, 106586.0664, 64285.70028, 38946.60024, 23799.53712, 28444.34259, 11873.67902, 6917.752943, 4860.535904, 3619.789982, 2228.669947, 1290.870452, 843.2657205, 525.3694244, 443.7693245, 264.0767719, 276.6482379, 132.4252724, 56.66178264, 67.19998879, 66.5158866, 22185.7645, 10270.55074, 3859.832927, 3185.024224, 3132.441119, 1576.199056, 1392.194225, 1106.618943, 535.745892, 330.1497183, 308.998604, 186.5546578, 184.3108069, 45.29993949, 13.67141325, 53.09483934, -25.06477303, 38.18427911, 6.274788503, 1.623739866, 17.37553626, 12.9439778, 22784.56755, 8650.103416, 6026.579068, 2546.919679, 1236.441353, 1168.703684, 1094.222557, 1098.594455, 839.3335347, 221.6730676, 284.265322, 210.8402636, 66.29162184, 121.1640057, 18.43744959, 35.46553893, -8.389749681, 35.05829587, 2.672881378, 5.996031102, 8.709688038, 5.728862796},
          {216898.8756, 118037.7008, 58981.10077, 36377.63207, 22365.44799, 13564.55176, 11873.67902, 11307.1171, 3973.268689, 2750.939902, 2211.011257, 1304.603254, 758.906037, 503.072805, 313.0413877, 263.0365487, 167.3292932, 164.4143988, 67.37621473, 26.3198512, 35.44135894, 45.92754496, 11619.90261, 4309.147121, 1816.706057, 1720.916621, 1510.932816, 1238.970198, 924.8735095, 747.1323, 299.1115322, 399.359235, 233.9983896, 156.9180928, 146.5867493, 89.42944837, 33.09241083, 49.33333435, -5.864139961, 11.52843107, 8.103515749, 13.46856767, 17.54201655, 5.354193652, 13228.99733, 5451.635083, 3623.563758, 1907.348106, 1056.932204, 1078.611848, 960.4193086, 846.6100139, 675.0725858, 305.6121785, 198.523863, 286.0286712, 117.1400376, 74.08202602, 54.03742088, 54.82382874, 29.73361249, 26.38351906, -0.3870342456, 7.022810006, 11.92216815, 12.26544884},
          {100131.7426, 54183.29573, 32421.07086, 18746.57512, 11770.08243, 7775.854986, 6917.752943, 3973.268689, 4501.955368, 1633.202839, 1266.293104, 787.9334912, 469.2471713, 317.6811086, 207.9541959, 178.5599039, 105.4845912, 95.27526745, 49.48523626, 24.64053897, 27.73073215, 28.28530428, 7317.482881, 3289.434551, 1124.149715, 1081.116556, 698.7830819, 624.6503975, 700.8891295, 322.5871873, 199.4202164, 223.3844065, 167.4957104, 74.41523267, 57.40949176, 49.84390313, 24.31252211, 27.15445165, 2.653156982, 6.432759823, -4.179494681, 5.110431555, 10.38425619, 8.932528143, 7517.04327, 3648.127181, 2472.273758, 781.6801036, 735.6566084, 568.772197, 709.3725401, 562.5941784, 364.8477749, 221.1375414, 218.2007778, 147.7393287, 120.8913437, 44.7087457, 29.07998106, 41.58661171, 13.43790445, 18.32728856, 4.706802307, 2.854391733, 5.748188247, 7.669678321},
          {75505.18217, 41388.68374, 23213.31687, 13686.62784, 8759.193202, 5695.169789, 4860.535904, 2750.939902, 1633.202839, 2531.791646, 939.6024473, 578.6050986, 354.6025168, 217.9238262, 131.8525824, 124.4783063, 66.72801014, 67.98518779, 37.47611024, 17.01918279, 16.89909414, 20.69370768, -1815.169897, -1478.176292, -1334.743816, -417.1761402, -74.61846138, 22.33263903, 150.9210869, 126.1114509, 42.63683323, 43.64540631, 29.68885656, 32.53390077, 36.45341204, 11.23189339, -2.479254203, 3.27838929, -5.899905526, 5.496684138, -0.9119386206, 4.509600507, 0.5700451657, 1.679388756, 4638.860958, 2842.816359, 1325.111473, 658.9291514, 556.3248917, 451.7383426, 379.8639373, 336.9884972, 220.4131638, 110.2855355, 75.51732727, 53.45270262, 43.44214845, 47.43582948, 9.117313402, 18.27100511, -13.54362095, 14.45339855, 3.93055022, -2.315761656, -2.348008619, 0.06123302462},
          {52912.50268, 29046.50256, 16589.96668, 10061.13682, 6268.02859, 4164.61363, 3619.789982, 2211.011257, 1266.293104, 939.6024473, 1572.430921, 432.2925292, 257.9189232, 183.6886756, 108.1477093, 84.83350805, 56.95453216, 52.47104933, 27.96099569, 13.30997093, 12.53836448, 15.84449184, 272.2711753, 314.3726507, -126.1999361, 370.2788131, 170.8350642, 230.8908339, 307.7153745, 227.6188766, 78.75609625, 118.6021506, 64.14300913, 55.29914562, 35.14660755, 12.00586455, -3.301776945, 21.30303157, -2.897585484, 9.347469458, -3.720658271, -0.4324677038, 3.24738392, 0.8879566884, 3770.255938, 1694.621607, 767.8563373, 506.0217101, 475.7697137, 263.7992199, 511.8357953, 420.3266971, 239.3821451, 156.4616244, 121.4719779, 98.54813902, 69.20279732, 50.06568056, 14.49095702, 5.01069122, 4.06584351, 4.05044551, 3.379636135, -1.83919345, 2.504156597, 1.389083341},
          {33250.16046, 18213.67784, 10021.7358, 6177.970437, 3811.064218, 2526.550304, 2228.669947, 1304.603254, 787.9334912, 578.6050986, 432.2925292, 681.0922928, 156.3841989, 107.287739, 64.1432745, 51.36795927, 32.37875406, 38.24573139, 14.28308049, 7.906113413, 10.79787154, 7.507435485, 1796.557537, 899.517532, 251.0080624, 353.5794149, 378.2814449, 237.101378, 268.0084839, 162.4618741, 76.01037729, 83.38167904, 65.81726935, 35.9795267, 33.8745905, 24.82739466, 7.079014116, 5.75868363, 2.406953721, 1.443132374, -0.7625438, 1.304062305, 3.671331377, 1.795839245, 4591.608469, 2187.772519, 1138.926563, 778.103376, 433.1645454, 344.0349982, 417.8134643, 272.3796914, 201.4634385, 80.17586408, 72.87281273, 79.63504018, 45.026084, 32.08928032, 15.44715518, 22.21533239, 3.360985369, 7.155638021, 4.953661443, -1.542108249, 1.558816544, 3.567380033},
          {17179.20302, 9486.543104, 5561.890987, 3393.375334, 2148.816223, 1422.598039, 1290.870452, 758.906037, 469.2471713, 354.6025168, 257.9189232, 156.3841989, 316.1810822, 57.47702812, 41.20667349, 33.42248358, 19.16557633, 19.36921393, 8.847467662, 6.154026479, 5.342310204, 5.767782386, 1022.96295, 286.3230051, 26.91692906, 141.2370259, 201.5998143, 126.6301037, 129.9508152, 120.9447317, 73.51115999, 65.79338903, 42.21259648, 37.36522255, 10.24308984, 11.02813414, 13.93816589, 4.176478031, -0.002569657956, 2.497446134, 0.1709024706, 1.285350695, 2.387290022, 1.704397239, 4420.708428, 2032.306623, 1371.55958, 610.4122463, 413.9643847, 314.3834246, 293.6790564, 197.5650024, 130.8500801, 83.678634, 61.71908078, 48.53103181, 30.33006804, 21.42948207, 7.930949259, 3.089259972, 3.00050516, 5.173357132, 1.626035293, 1.285221005, 2.857367965, 0.2259709354},
          {12365.09557, 6853.968134, 4074.856625, 2270.116341, 1503.476782, 1004.589001, 843.2657205, 503.072805, 317.6811086, 217.9238262, 183.6886756, 107.287739, 57.47702812, 173.3437785, 28.62478112, 24.21002819, 12.49765785, 11.62762055, 7.20330875, 3.717207753, 2.371063335, 3.55367105, -709.2560531, -107.5198636, -104.6994837, 65.57010173, 65.67038099, 36.97455607, 8.107464472, 68.47641775, -7.078920953, 27.14291355, 24.03345055, 11.79127599, 11.67397579, 1.21709443, 1.986591357, 7.305988896, -0.791413641, 1.341360241, 0.8578117519, 0.6923617832, 0.4640530312, 1.77801802, 3774.957411, 1862.681765, 1101.774103, 685.8827083, 405.8569798, 292.8199441, 237.0945028, 201.9642141, 128.9879113, 66.42014924, 70.37129948, 31.00717994, 31.4579487, 16.81184607, 10.62625506, 9.577750674, 3.955740843, 4.140031149, 4.843029012, 0.9948950473, 1.311938076, -0.180715315},
          {6837.031881, 3631.35278, 2388.190089, 1335.049222, 811.7630826, 580.5833674, 525.3694244, 313.0413877, 207.9541959, 131.8525824, 108.1477093, 64.1432745, 41.20667349, 28.62478112, 103.8492129, 13.84091037, 10.43204891, 9.522182671, 3.802863325, 3.511796046, 2.987108312, 3.188849338, 243.152003, 323.2732429, 131.1543894, 212.6251256, 169.1311418, 83.4865554, 71.8734051, 41.80320712, 42.37960686, 36.9741515, 20.15852029, 13.08943387, 7.22981033, 2.31861098, 3.336406655, 3.882416212, -0.4484249856, 2.553550481, 1.322076289, 0.05120324145, -0.4667193653, 0.04049499429, 1756.945839, 942.3021572, 442.7284225, 263.7392097, 132.927272, 148.4542433, 113.8805468, 87.98889594, 62.72218852, 35.98047254, 36.33208592, 23.13220286, 15.04611107, 7.713192988, 7.713254492, 3.316046089, 1.901480575, 1.861822896, 1.121858442, -0.741198561, 0.4660948576, 2.028979472},
          {7266.816132, 4004.9864, 2141.263512, 1241.955472, 766.1407399, 497.8424079, 443.7693245, 263.0365487, 178.5599039, 124.4783063, 84.83350805, 51.36795927, 33.42248358, 24.21002819, 13.84091037, 91.40154605, 6.449279266, 9.06960838, 3.507355316, 2.373575305, 2.003232621, 2.969078318, 765.6234137, 412.1139619, 232.6979179, 162.1294819, 119.0533052, 96.09383794, 81.76024944, 63.66889043, 39.56823288, 34.29893875, 20.17994357, 13.76438432, 16.00486051, 2.394260155, 3.165748388, 5.823151507, 1.638651131, 2.701544419, 0.8529080017, 1.274566069, 1.376763298, 0.8941155952, 532.3182882, 200.5655249, 123.3361608, 73.66079935, 43.09897062, 51.42054125, 48.50506364, 61.14835884, 25.34217929, 19.38106448, 19.4863284, 13.45897228, 14.33030689, 9.11910054, 7.739550918, 2.955139058, 0.1635705517, 2.467636942, 1.982110048, 0.06210888991, 0.983416606, -0.08603436246},
          {3812.640002, 2035.636967, 1222.754637, 674.5062549, 446.1000624, 292.0478964, 264.0767719, 167.3292932, 105.4845912, 66.72801014, 56.95453216, 32.37875406, 19.16557633, 12.49765785, 10.43204891, 6.449279266, 48.65143585, 4.402941628, 2.049840421, 1.552989288, 1.620253097, 1.223981729, -126.5262242, -95.11084266, -13.53867569, -27.6338571, 11.24894796, -0.1246173474, 37.25026693, 11.07868975, 8.142977967, 18.73822875, 3.357570558, 5.839008986, 5.051462389, 4.966994399, 2.190923316, 3.912522224, 0.2130799131, 0.05019531823, -0.002147562721, 0.37896781, 0.8473537315, 1.454026101, 405.6315825, 120.071825, 85.51077071, 40.0993913, 19.64217494, 33.26442306, 44.27443874, 28.35918932, 20.67498824, 2.074817923, 9.601811353, 2.310418748, 3.82321052, 3.820164345, 1.277247258, 3.096347798, 0.009957962764, 1.582505862, 1.052466759, 1.256114315, 0.5537127236, 0.8350097416},
          {4303.669912, 2361.107083, 1252.898777, 749.5407656, 433.2843491, 293.2634033, 276.6482379, 164.4143988, 95.27526745, 67.98518779, 52.47104933, 38.24573139, 19.36921393, 11.62762055, 9.522182671, 9.06960838, 4.402941628, 47.9349719, 2.019636691, 1.091356548, 1.47522231, 1.070968825, 1293.296492, 744.3715609, 394.5827013, 238.1887455, 168.5799728, 128.7865685, 84.54023765, 48.40231012, 38.60237825, 17.77180422, 21.13464962, 15.72987862, 9.316825188, 3.81252124, 3.171653837, 5.349999923, 0.2915379789, 2.192015984, 1.676395773, 1.106381378, 0.02695139897, 0.02399281625, 105.8591614, 122.4051285, 145.3429426, 126.618617, 54.14163627, 30.75732307, 52.09716233, 33.45773593, 31.22110784, 13.06888689, 13.70620037, 10.446059, 3.426537291, 4.180415353, 3.854442474, 3.172813137, 3.498189599, 1.911807707, 2.936060305, 1.03545886, 0.7150422923, 0.6092942172},
          {1540.716589, 774.4787659, 511.556458, 311.6281862, 235.0100273, 157.8323282, 132.4252724, 67.37621473, 49.48523626, 37.47611024, 27.96099569, 14.28308049, 8.847467662, 7.20330875, 3.802863325, 3.507355316, 2.049840421, 2.019636691, 22.240881, 0.7514875288, 0.4827164677, 0.6401523356, 103.2422031, 98.4023148, 52.67326425, 62.0616055, 56.56626002, 17.71408, 38.7525153, 14.31692352, 12.91641868, 9.721573038, 9.322033186, 8.333771168, 1.980373662, 0.8788104283, 1.404148919, 1.76398992, -0.6461679126, -0.3324815042, 0.6764996966, 0.08082465835, -0.2453738843, 0.2828676017, 1000.662193, 469.1050591, 311.900704, 155.7057978, 83.85351102, 71.04295878, 66.8937023, 39.84776895, 27.16745833, 16.49151705, 15.39235992, 8.519301865, 6.051266134, 4.988161228, 3.528527715, 1.903779425, 0.6153935733, 1.877563742, 0.4088185021, 0.5173346697, 0.5368543574, 0.7303244815},
          {827.5964166, 485.4568224, 337.9964554, 176.9060149, 102.9184611, 70.16585618, 56.66178264, 26.3198512, 24.64053897, 17.01918279, 13.30997093, 7.906113413, 6.154026479, 3.717207753, 3.511796046, 2.373575305, 1.552989288, 1.091356548, 0.7514875288, 9.923062967, 0.391394724, 0.4531678137, 130.5636116, 43.89302343, 2.306488298, 16.90701428, 12.93168197, 17.48449093, 11.77069247, 3.746314996, 9.871706432, 4.343128353, 6.004645164, 2.664340914, 1.702121753, 0.607518321, 1.846196822, 0.9397388285, 0.5988512006, 0.8139089333, 0.01815952339, 0.3033896259, 0.1770417719, 0.9142236231, 124.0944129, 8.875214213, 7.070590128, 12.76007031, 6.238652243, 6.581337044, 9.578844737, 7.568565905, 1.525667919, 4.038243073, 1.303084703, 2.968339843, 1.051746696, 1.282396429, 0.6345819547, 1.464847513, 0.5733386592, 0.08291818562, 0.767571954, -0.1591799049, -0.009546834946, -0.2772611512},
          {1107.13207, 575.3434007, 323.047423, 201.1474819, 112.1584797, 70.71390793, 67.19998879, 35.44135894, 27.73073215, 16.89909414, 12.53836448, 10.79787154, 5.342310204, 2.371063335, 2.987108312, 2.003232621, 1.620253097, 1.47522231, 0.4827164677, 0.391394724, 9.293727856, 0.1916185721, 17.11379841, 101.3824864, 36.90959918, 28.47470821, 37.18036715, 18.91471913, 16.59328546, 10.92782946, 7.821439598, 7.127071009, 3.430265774, 4.358015167, 3.668541644, 0.5011753578, 0.7256668776, 0.9994144473, 0.5780591403, 0.5806569536, 0.2665871165, 0.5275990747, 0.3393929753, 0.2265699315, 137.6122665, 140.8950062, 60.95622324, 12.42313264, 28.00952165, 15.13838374, 11.91513304, 14.72316219, 7.660580391, 6.07460927, 5.029116416, 3.750303389, 3.314792871, 1.20778476, 0.510200417, 0.4039354771, 0.4962106256, 0.3859618064, -0.17741699, 0.3387056982, 0.6301101696, 0.1156510186},
